178
177
175
174
172
168
164
154
154
154
152
152
151
149
145
141
140
139
134
127
124
123
112
111
109
107
103
101
101
101
100
99
87
84
81
78
77
76
75
73
73
67
57
49
48
47
38
35
30
17
16
13
4
4
1
179
178
178
173
165
160
158
153
148
147
146
144
143
136
134
134
126
121
118
112
108
108
105
99
84
82
80
75
68
65
62
61
55
54
49
49
47
42
38
31
31
30
27
25
15
12
8
7
6
3
1
1
177
175
170
163
157
152
149
149
147
145
145
143
138
138
134
133
131
128
126
125
120
119
119
113
112
109
108
105
104
103
93
91
86
83
81
79
75
70
69
68
67
66
48
46
44
35
32
24
23
12
5
5
4
3
2
178
177
176
170
167
167
165
162
157
156
156
153
150
145
143
141
130
130
120
118
117
116
109
108
106
101
100
95
93
92
91
88
88
88
84
82
81
81
76
75
70
68
68
68
62
55
52
51
51
50
43
41
38
31
23
21
15
14
12
12
8
8
7
7
3
172
170
169
167
162
160
158
156
154
152
149
149
148
147
144
143
141
139
139
139
138
130
127
127
123
117
116
116
114
110
109
106
105
103
101
97
93
90
75
72
71
69
68
67
65
62
52
47
43
41
41
40
39
37
28
28
25
21
17
16
16
12
12
10
9
6
2
170
168
166
166
166
165
164
163
161
159
158
157
156
154
151
147
147
133
131
131
131
130
129
109
107
106
101
100
98
97
93
93
92
91
82
81
80
79
78
70
68
65
64
58
57
53
45
44
43
43
39
33
32
24
22
22
21
21
10
6
5
179
173
172
171
169
169
168
167
163
162
162
161
160
158
157
145
142
135
126
114
113
105
104
96
93
89
87
75
74
70
69
69
63
63
59
58
58
57
55
53
47
47
45
34
31
25
24
21
18
12
11
7
5
2
2
176
175
174
172
169
168
167
167
156
155
154
152
147
143
135
134
132
132
129
128
127
127
119
110
109
96
93
90
89
86
84
82
75
75
74
66
65
64
61
51
49
42
42
34
30
28
28
27
23
21
19
19
18
18
17
17
13
7
4
3
176
174
164
159
158
156
155
150
148
146
143
143
137
131
127
126
124
124
123
121
119
118
116
114
113
113
113
112
108
97
95
92
90
90
86
84
81
81
72
68
63
56
44
39
30
28
21
18
17
14
11
4